     004282 004282 008954 003396 007390 004282 002277 000801
     007745 009582 003020 004282 004868 003396 004282 009829
     004282 002458 003396 000760 008202 006504 000801 003020
     004282 003396 006504 004282 000078 002277 000801 004282
     007390 007745 003020 001279 004282 004282 004282 007538
     002277 000801 006504 004282 007390 002277 007745 000078
     004282 009829 004282 002393 000801 000801 004916 001279
     004282 005820 003020 004282 007390 000801 007745 008202
     003020 004282 000078 008202 007745 009582 000801 003104
     006443 002393 004282 000801 006504 004868 001279 004282
     004282 004282 003125 003396 000078 002277 004282 000078
     000801 007745 003925 002277 004282 000078 002277 007745
     000078 004282 000801 007745 002393 000801 004282 007745
     006504 004868 004282 000078 002277 007745 000078 004282
     008202 000801 009675 003396 002393 000801 004282 000078
     003396 004282 002393 007745 003020 001279 004282 004282
     004282 006443 006368 002277 000760 002393 004282 001179
     007745 008202 004282 000078 002277 000801 004282 005820
     001511 003104 000801 002393 004282 007745 008202 000801
     004282 005820 000801 007745 002393 000760 008202 000801
     004868 004282 001179 008202 003396 005820 004282 000078
     002277 003020 004282 001179 008202 001511 000801 006504
     004868 009967 006443 004282 004282 004282 006368 002277
     000801 004282 002256 000801 007745 002393 000078 004282
     000078 002277 007745 000078 004282 002256 000801 007745
     008202 002393 004282 005820 000801 001279 004282 000078
     001511 008202 000801 004868 004282 007390 001511 000078
     002277 004282 005820 003020 004282 007390 003396 000801
     001279 004282 004282 004282 007178 003104 003396 004868
     002393 004282 004868 000760 003104 003104 003020 004282
     003396 006504 001279 004282 000078 003396 004282 002256
     000801 007745 008202 004282 000078 002277 007745 000078
     004282 007390 000801 001511 009278 002277 000078 004282
     001511 006504 004282 005820 000801 001279 004282 004282
     004282 000032 002393 004282 001511 001179 004282 002256
     003020 004282 002393 003396 005820 000801 004282 001511
     006504 002393 000078 001511 006504 003925 000078 004282
     000078 002277 000801 004282 007390 008202 000801 000078
     003925 002277 004282 004868 001511 004868 004282 004916
     006504 003396 007390 004282 004282 004282 008954 001511
     002393 004282 008202 001511 004868 000801 008202 004282
     003104 003396 009582 006443 004868 004282 006504 003396
     000078 004282 002393 009675 000801 000801 004868 001279
     004282 002256 000801 001511 006504 009278 004282 005820
     007745 004868 000801 004282 001179 008202 003396 005820
     004282 000078 002277 000801 000801 000660 004282 004282
     004282 006368 002277 000801 004282 002256 003104 003396
     003396 004868 003020 004282 002393 009675 000760 008202
     004282 003925 007745 006504 006504 003396 000078 004282
     009675 008202 003396 009582 003396 004916 000801 004282
     002277 001511 005820 004282 003396 006504 001279 004282
     004282 004282 006368 002277 007745 000078 004282 002393
     003396 005820 000801 000078 001511 005820 000801 002393
     004282 007745 006504 009278 000801 008202 004282 000078
     002277 008202 000760 002393 000078 002393 004282 001511
     006504 000078 003396 004282 002277 001511 002393 004282
     002277 001511 004868 000801 001279 004282 004282 004282
     007538 002277 001511 003925 002277 004282 002277 000801
     007745 009582 001511 003104 003020 004282 002277 000801
     004282 007745 006504 002393 007390 000801 008202 002393
     004282 007390 001511 000078 002277 004282 007745 004282
     009278 008202 003396 007745 006504 001279 004282 004282
     004282 006817 003396 008202 000801 004282 002393 002277
     007745 008202 009675 004282 000078 003396 004282 005820
     000801 004282 000078 002277 007745 006504 004282 002393
     009675 000760 008202 008202 001511 006504 009278 004282
     000078 003396 004282 002277 001511 002393 004282 002393
     001511 004868 000801 007339 004282 004282 004282 004282
     004282 006788 003396 008202 004282 000078 002277 007745
     000078 004282 002393 007745 005820 000801 004282 009278
     008202 003396 007745 006504 004282 004868 003396 000078
     002277 004282 009675 000760 000078 004282 000078 002277
     001511 002393 004282 001511 006504 004282 005820 003020
     004282 005820 001511 006504 004868 001279 004282 004282
     004282 004282 004282 006817 003020 004282 009278 008202
     001511 000801 001179 004282 003104 001511 000801 002393
     004282 003396 006504 007390 007745 008202 004868 001279
     004282 007745 006504 004868 004282 005820 003020 004282
     002458 003396 003020 004282 002256 000801 002277 001511
     006504 004868 009875 004282 004282